pos	G	A	T	C
0	0.218990	0.259766	0.290262	0.230983
1	0.283066	0.219333	0.237836	0.259766
2	0.233381	0.260794	0.295402	0.210424
3	0.198431	0.288206	0.297458	0.215906
4	0.284779	0.251885	0.236123	0.227214
5	0.228584	0.261136	0.281010	0.229269
6	0.185410	0.279640	0.296087	0.238864
7	0.289576	0.225843	0.229269	0.255311
8	0.215906	0.325555	0.264563	0.193976
9	0.218990	0.270731	0.288891	0.221388
10	0.281695	0.245717	0.225843	0.246745
11	0.221046	0.304653	0.247087	0.227214
12	0.208710	0.272101	0.295059	0.224130
13	0.278954	0.225843	0.236808	0.258395
14	0.216591	0.287178	0.276898	0.219333
15	0.186438	0.266276	0.318017	0.229269
16	0.289234	0.237836	0.228242	0.244689
17	0.234409	0.294374	0.265933	0.205284
18	0.200144	0.269360	0.304311	0.226186
19	0.337891	0.271758	0.176843	0.213507
20	0.000034	0.999897	0.000034	0.000034
21	0.000034	0.000034	0.999897	0.000034
22	0.999897	0.000034	0.000034	0.000034
23	0.226528	0.309108	0.265248	0.199116
24	0.198431	0.287863	0.280667	0.233039
25	0.296087	0.251542	0.225843	0.226528
26	0.222759	0.281695	0.294374	0.201172
27	0.204598	0.263192	0.282381	0.249829
28	0.263877	0.257024	0.246745	0.232353
29	0.240920	0.273814	0.261479	0.223787
30	0.217277	0.275185	0.286493	0.221046
31	0.290262	0.254283	0.222759	0.232696
32	0.226871	0.316303	0.270045	0.186780
