pos	G	A	T	C
0	0.159910	0.159910	0.317568	0.362613
1	0.317568	0.227477	0.092342	0.362613
2	0.295045	0.204955	0.272523	0.227477
3	0.159910	0.159910	0.272523	0.407658
4	0.182432	0.272523	0.317568	0.227477
5	0.114865	0.340090	0.362613	0.182432
6	0.250000	0.272523	0.227477	0.250000
7	0.317568	0.182432	0.272523	0.227477
8	0.340090	0.204955	0.295045	0.159910
9	0.227477	0.250000	0.317568	0.204955
10	0.340090	0.092342	0.227477	0.340090
11	0.204955	0.182432	0.340090	0.272523
12	0.272523	0.250000	0.227477	0.250000
13	0.227477	0.137387	0.272523	0.362613
14	0.317568	0.295045	0.204955	0.182432
15	0.182432	0.317568	0.227477	0.272523
16	0.295045	0.114865	0.204955	0.385135
17	0.227477	0.182432	0.250000	0.340090
18	0.340090	0.227477	0.204955	0.227477
19	0.362613	0.227477	0.250000	0.159910
20	0.002252	0.993243	0.002252	0.002252
21	0.002252	0.002252	0.993243	0.002252
22	0.993243	0.002252	0.002252	0.002252
23	0.137387	0.295045	0.340090	0.227477
24	0.250000	0.159910	0.340090	0.250000
25	0.295045	0.159910	0.250000	0.295045
26	0.204955	0.227477	0.295045	0.272523
27	0.250000	0.114865	0.295045	0.340090
28	0.272523	0.159910	0.227477	0.340090
29	0.295045	0.204955	0.295045	0.204955
30	0.227477	0.114865	0.250000	0.407658
31	0.227477	0.159910	0.250000	0.362613
32	0.475225	0.159910	0.182432	0.182432
