pos	G	A	T	C
0	0.082090	0.082090	0.305970	0.529851
1	0.529851	0.156716	0.007463	0.305970
2	0.231343	0.231343	0.455224	0.082090
3	0.156716	0.305970	0.007463	0.529851
4	0.156716	0.380597	0.156716	0.305970
5	0.156716	0.529851	0.305970	0.007463
6	0.380597	0.305970	0.156716	0.156716
7	0.007463	0.082090	0.231343	0.679104
8	0.082090	0.455224	0.380597	0.082090
9	0.455224	0.231343	0.156716	0.156716
10	0.380597	0.007463	0.156716	0.455224
11	0.231343	0.082090	0.380597	0.305970
12	0.231343	0.305970	0.231343	0.231343
13	0.231343	0.082090	0.082090	0.604478
14	0.231343	0.380597	0.156716	0.231343
15	0.231343	0.380597	0.007463	0.380597
16	0.156716	0.082090	0.156716	0.604478
17	0.082090	0.380597	0.305970	0.231343
18	0.455224	0.082090	0.082090	0.380597
19	0.305970	0.231343	0.231343	0.231343
20	0.007463	0.977612	0.007463	0.007463
21	0.007463	0.007463	0.977612	0.007463
22	0.977612	0.007463	0.007463	0.007463
23	0.007463	0.455224	0.305970	0.231343
24	0.305970	0.082090	0.380597	0.231343
25	0.380597	0.082090	0.082090	0.455224
26	0.231343	0.231343	0.305970	0.231343
27	0.455224	0.082090	0.156716	0.305970
28	0.305970	0.082090	0.231343	0.380597
29	0.380597	0.305970	0.231343	0.082090
30	0.231343	0.007463	0.156716	0.604478
31	0.156716	0.007463	0.305970	0.529851
32	0.604478	0.082090	0.305970	0.007463
