pos	G	A	T	C
0	0.120690	0.465517	0.178161	0.235632
1	0.408046	0.293103	0.178161	0.120690
2	0.293103	0.235632	0.235632	0.235632
3	0.293103	0.178161	0.293103	0.235632
4	0.120690	0.178161	0.408046	0.293103
5	0.293103	0.178161	0.465517	0.063218
6	0.293103	0.178161	0.408046	0.120690
7	0.235632	0.350575	0.293103	0.120690
8	0.293103	0.120690	0.235632	0.350575
9	0.293103	0.120690	0.408046	0.178161
10	0.235632	0.178161	0.350575	0.235632
11	0.408046	0.293103	0.235632	0.063218
12	0.293103	0.178161	0.465517	0.063218
13	0.580460	0.235632	0.063218	0.120690
14	0.063218	0.235632	0.465517	0.235632
15	0.293103	0.350575	0.235632	0.120690
16	0.408046	0.235632	0.178161	0.178161
17	0.178161	0.293103	0.178161	0.350575
18	0.120690	0.522989	0.120690	0.235632
19	0.350575	0.408046	0.005747	0.235632
20	0.005747	0.982759	0.005747	0.005747
21	0.005747	0.005747	0.982759	0.005747
22	0.982759	0.005747	0.005747	0.005747
23	0.005747	0.522989	0.293103	0.178161
24	0.178161	0.235632	0.293103	0.293103
25	0.293103	0.235632	0.293103	0.178161
26	0.120690	0.350575	0.235632	0.293103
27	0.293103	0.293103	0.293103	0.120690
28	0.235632	0.408046	0.120690	0.235632
29	0.293103	0.293103	0.063218	0.350575
30	0.178161	0.293103	0.350575	0.178161
31	0.350575	0.178161	0.178161	0.293103
32	0.350575	0.408046	0.063218	0.178161
