pos	G	A	T	C
0	0.200455	0.295875	0.316427	0.187243
1	0.254771	0.256973	0.288535	0.199721
2	0.234219	0.276791	0.288535	0.200455
3	0.225411	0.276057	0.292939	0.205593
4	0.232751	0.306885	0.254037	0.206327
5	0.223209	0.299545	0.273855	0.203391
6	0.216603	0.263579	0.313491	0.206327
7	0.233485	0.287801	0.276791	0.201923
8	0.200455	0.318629	0.270185	0.210731
9	0.216603	0.266515	0.309087	0.207795
10	0.254771	0.253303	0.260643	0.231283
11	0.200455	0.328171	0.284865	0.186509
12	0.212933	0.257707	0.319363	0.209997
13	0.250367	0.260643	0.278993	0.209997
14	0.190913	0.321565	0.275323	0.212199
15	0.200455	0.273121	0.316427	0.209997
16	0.269451	0.302481	0.243027	0.185041
17	0.227613	0.314225	0.271653	0.186509
18	0.228347	0.283397	0.317895	0.170361
19	0.313491	0.254037	0.186509	0.245963
20	0.000073	0.999780	0.000073	0.000073
21	0.000073	0.000073	0.999780	0.000073
22	0.999780	0.000073	0.000073	0.000073
23	0.237155	0.353861	0.229815	0.179169
24	0.202657	0.291471	0.303949	0.201923
25	0.273855	0.273855	0.248165	0.204125
26	0.224677	0.300279	0.279727	0.195317
27	0.240091	0.279727	0.296609	0.183573
28	0.264313	0.258441	0.246697	0.230549
29	0.209263	0.297343	0.278259	0.215135
30	0.213667	0.282663	0.311289	0.192381
31	0.256973	0.300279	0.236421	0.206327
32	0.204859	0.306151	0.255505	0.233485
