pos	G	A	T	C
0	0.257062	0.228814	0.285311	0.228814
1	0.341808	0.200565	0.257062	0.200565
2	0.341808	0.257062	0.228814	0.172316
3	0.257062	0.172316	0.257062	0.313559
4	0.341808	0.200565	0.200565	0.257062
5	0.313559	0.285311	0.200565	0.200565
6	0.257062	0.172316	0.257062	0.313559
7	0.257062	0.115819	0.257062	0.370056
8	0.313559	0.285311	0.257062	0.144068
9	0.285311	0.313559	0.285311	0.115819
10	0.313559	0.172316	0.172316	0.341808
11	0.172316	0.257062	0.285311	0.285311
12	0.172316	0.144068	0.313559	0.370056
13	0.370056	0.200565	0.172316	0.257062
14	0.228814	0.341808	0.285311	0.144068
15	0.200565	0.172316	0.313559	0.313559
16	0.313559	0.172316	0.285311	0.228814
17	0.200565	0.370056	0.200565	0.228814
18	0.228814	0.228814	0.228814	0.313559
19	0.426554	0.228814	0.002825	0.341808
20	0.002825	0.991525	0.002825	0.002825
21	0.002825	0.002825	0.991525	0.002825
22	0.991525	0.002825	0.002825	0.002825
23	0.426554	0.313559	0.144068	0.115819
24	0.257062	0.144068	0.285311	0.313559
25	0.285311	0.031073	0.257062	0.426554
26	0.313559	0.200565	0.200565	0.285311
27	0.285311	0.200565	0.285311	0.228814
28	0.370056	0.144068	0.172316	0.313559
29	0.172316	0.313559	0.257062	0.257062
30	0.172316	0.144068	0.257062	0.426554
31	0.341808	0.228814	0.115819	0.313559
32	0.370056	0.200565	0.257062	0.172316
