pos	G	A	T	C
0	0.269894	0.221881	0.243665	0.264559
1	0.333022	0.181426	0.200987	0.284565
2	0.269894	0.224993	0.313906	0.191207
3	0.243220	0.188539	0.253001	0.315240
4	0.307237	0.199209	0.200098	0.293456
5	0.234774	0.278785	0.268116	0.218325
6	0.261892	0.199653	0.261892	0.276563
7	0.320130	0.210767	0.155642	0.313461
8	0.236997	0.312128	0.240553	0.210323
9	0.289455	0.201876	0.243220	0.265449
10	0.363252	0.191207	0.157420	0.288121
11	0.250778	0.309016	0.241887	0.198320
12	0.275674	0.189873	0.243220	0.291233
13	0.354806	0.192985	0.183204	0.269005
14	0.243220	0.276563	0.264559	0.215658
15	0.247666	0.191207	0.266782	0.294345
16	0.333467	0.179648	0.191207	0.295679
17	0.275674	0.268116	0.266782	0.189428
18	0.259225	0.172979	0.284565	0.283231
19	0.344581	0.190762	0.106740	0.357918
20	0.000044	0.999867	0.000044	0.000044
21	0.000044	0.000044	0.999867	0.000044
22	0.999867	0.000044	0.000044	0.000044
23	0.277896	0.308571	0.218769	0.194763
24	0.262337	0.193429	0.225882	0.318352
25	0.329466	0.172979	0.227216	0.270339
26	0.305459	0.231217	0.258780	0.204543
27	0.252112	0.217880	0.269894	0.260114
28	0.332578	0.198764	0.170312	0.298346
29	0.247221	0.261003	0.260558	0.231217
30	0.272562	0.173869	0.269450	0.284120
31	0.313461	0.191651	0.216102	0.278785
32	0.255224	0.286343	0.240108	0.218325
