pos	G	A	T	C
0	0.189139	0.282772	0.226592	0.301498
1	0.320225	0.151685	0.226592	0.301498
2	0.338951	0.114232	0.338951	0.207865
3	0.226592	0.151685	0.395131	0.226592
4	0.301498	0.301498	0.245318	0.151685
5	0.207865	0.245318	0.207865	0.338951
6	0.132959	0.301498	0.189139	0.376404
7	0.245318	0.207865	0.264045	0.282772
8	0.245318	0.320225	0.207865	0.226592
9	0.207865	0.245318	0.226592	0.320225
10	0.301498	0.338951	0.207865	0.151685
11	0.338951	0.245318	0.170412	0.245318
12	0.207865	0.151685	0.338951	0.301498
13	0.320225	0.207865	0.189139	0.282772
14	0.189139	0.301498	0.320225	0.189139
15	0.264045	0.170412	0.282772	0.282772
16	0.245318	0.282772	0.095506	0.376404
17	0.226592	0.338951	0.170412	0.264045
18	0.245318	0.282772	0.282772	0.189139
19	0.264045	0.207865	0.058052	0.470037
20	0.001873	0.994382	0.001873	0.001873
21	0.001873	0.001873	0.994382	0.001873
22	0.994382	0.001873	0.001873	0.001873
23	0.338951	0.226592	0.245318	0.189139
24	0.226592	0.132959	0.320225	0.320225
25	0.301498	0.132959	0.320225	0.245318
26	0.338951	0.264045	0.170412	0.226592
27	0.282772	0.245318	0.301498	0.170412
28	0.282772	0.226592	0.207865	0.282772
29	0.151685	0.451311	0.189139	0.207865
30	0.320225	0.132959	0.282772	0.264045
31	0.245318	0.095506	0.357678	0.301498
32	0.395131	0.226592	0.189139	0.189139
