pos	G	A	T	C
0	0.258974	0.215411	0.266990	0.258625
1	0.302189	0.215062	0.223078	0.259671
2	0.246079	0.246079	0.295916	0.211926
3	0.255140	0.216456	0.265944	0.262459
4	0.281627	0.235276	0.219593	0.263505
5	0.246079	0.254792	0.274657	0.224472
6	0.238761	0.234927	0.265944	0.260368
7	0.281627	0.243291	0.210532	0.264550
8	0.216456	0.300795	0.263156	0.219593
9	0.241549	0.241897	0.268035	0.248519
10	0.323447	0.228306	0.184045	0.264202
11	0.241200	0.302537	0.240503	0.215759
12	0.258277	0.235624	0.254792	0.251307
13	0.322402	0.207395	0.206698	0.263505
14	0.243988	0.264899	0.255140	0.235973
15	0.233533	0.231094	0.273960	0.261414
16	0.273960	0.255837	0.213320	0.256883
17	0.273263	0.266990	0.247473	0.212274
18	0.249913	0.243988	0.271520	0.234579
19	0.356207	0.228306	0.107723	0.307765
20	0.000035	0.999895	0.000035	0.000035
21	0.000035	0.000035	0.999895	0.000035
22	0.999895	0.000035	0.000035	0.000035
23	0.273960	0.293476	0.232488	0.200077
24	0.238761	0.234579	0.265596	0.261065
25	0.300795	0.229700	0.245034	0.224472
26	0.264899	0.250958	0.283718	0.200425
27	0.264899	0.226912	0.249913	0.258277
28	0.263505	0.239109	0.210532	0.286854
29	0.259671	0.286506	0.254792	0.199031
30	0.275702	0.199380	0.289991	0.234927
31	0.279884	0.229700	0.231442	0.258974
32	0.238412	0.273263	0.283718	0.204607
