pos	G	A	T	C
0	0.215278	0.145833	0.284722	0.354167
1	0.006944	0.145833	0.215278	0.631944
2	0.215278	0.076389	0.423611	0.284722
3	0.215278	0.006944	0.493056	0.284722
4	0.354167	0.354167	0.076389	0.215278
5	0.006944	0.284722	0.284722	0.423611
6	0.284722	0.145833	0.145833	0.423611
7	0.215278	0.284722	0.145833	0.354167
8	0.284722	0.284722	0.215278	0.215278
9	0.006944	0.284722	0.145833	0.562500
10	0.145833	0.493056	0.145833	0.215278
11	0.493056	0.215278	0.145833	0.145833
12	0.145833	0.145833	0.493056	0.215278
13	0.215278	0.284722	0.145833	0.354167
14	0.076389	0.423611	0.493056	0.006944
15	0.215278	0.076389	0.423611	0.284722
16	0.284722	0.284722	0.006944	0.423611
17	0.284722	0.354167	0.145833	0.215278
18	0.284722	0.354167	0.145833	0.215278
19	0.284722	0.354167	0.006944	0.354167
20	0.006944	0.979167	0.006944	0.006944
21	0.006944	0.006944	0.979167	0.006944
22	0.979167	0.006944	0.006944	0.006944
23	0.284722	0.354167	0.145833	0.215278
24	0.354167	0.076389	0.215278	0.354167
25	0.423611	0.145833	0.145833	0.284722
26	0.423611	0.076389	0.284722	0.215278
27	0.423611	0.145833	0.284722	0.145833
28	0.354167	0.215278	0.145833	0.284722
29	0.076389	0.701389	0.076389	0.145833
30	0.354167	0.145833	0.006944	0.493056
31	0.145833	0.076389	0.493056	0.284722
32	0.631944	0.006944	0.284722	0.076389
