pos	G	A	T	C
0	0.207885	0.287774	0.316719	0.187623
1	0.263460	0.290668	0.257092	0.188781
2	0.203253	0.319034	0.268091	0.209621
3	0.176045	0.301088	0.319034	0.203832
4	0.245513	0.294720	0.248987	0.210779
5	0.218305	0.333507	0.255355	0.192833
6	0.194570	0.297036	0.301088	0.207306
7	0.233935	0.298773	0.273301	0.193991
8	0.214832	0.334665	0.259407	0.191096
9	0.216568	0.300509	0.294720	0.188202
10	0.258828	0.285458	0.245513	0.210200
11	0.206727	0.334086	0.269249	0.189939
12	0.202675	0.281984	0.315561	0.199780
13	0.262881	0.287195	0.255934	0.193991
14	0.191675	0.316719	0.275617	0.215989
15	0.198043	0.273301	0.306877	0.221778
16	0.270985	0.309772	0.235672	0.183571
17	0.226410	0.351453	0.237988	0.184150
18	0.212516	0.288931	0.297036	0.201517
19	0.314403	0.275617	0.198043	0.211937
20	0.000058	0.999826	0.000058	0.000058
21	0.000058	0.000058	0.999826	0.000058
22	0.999826	0.000058	0.000058	0.000058
23	0.232199	0.354348	0.214832	0.198622
24	0.182413	0.299931	0.315561	0.202096
25	0.284879	0.287195	0.262881	0.165046
26	0.210779	0.339296	0.253618	0.196307
27	0.217147	0.287195	0.303404	0.192254
28	0.266354	0.298773	0.232778	0.202096
29	0.211937	0.328297	0.265196	0.194570
30	0.202096	0.298194	0.320192	0.179518
31	0.252460	0.291247	0.254197	0.202096
32	0.217147	0.318455	0.264617	0.199780
