pos	G	A	T	C
0	0.178161	0.235632	0.235632	0.350575
1	0.120690	0.350575	0.293103	0.235632
2	0.178161	0.120690	0.408046	0.293103
3	0.293103	0.235632	0.293103	0.178161
4	0.235632	0.350575	0.178161	0.235632
5	0.120690	0.350575	0.235632	0.293103
6	0.178161	0.235632	0.178161	0.408046
7	0.350575	0.408046	0.005747	0.235632
8	0.235632	0.063218	0.350575	0.350575
9	0.178161	0.293103	0.350575	0.178161
10	0.063218	0.350575	0.293103	0.293103
11	0.120690	0.293103	0.465517	0.120690
12	0.063218	0.293103	0.522989	0.120690
13	0.120690	0.350575	0.293103	0.235632
14	0.178161	0.293103	0.408046	0.120690
15	0.178161	0.350575	0.063218	0.408046
16	0.293103	0.120690	0.178161	0.408046
17	0.178161	0.465517	0.178161	0.178161
18	0.120690	0.522989	0.235632	0.120690
19	0.178161	0.350575	0.120690	0.350575
20	0.005747	0.982759	0.005747	0.005747
21	0.005747	0.005747	0.982759	0.005747
22	0.982759	0.005747	0.005747	0.005747
23	0.293103	0.235632	0.178161	0.293103
24	0.235632	0.293103	0.120690	0.350575
25	0.293103	0.235632	0.293103	0.178161
26	0.235632	0.235632	0.235632	0.293103
27	0.120690	0.235632	0.235632	0.408046
28	0.120690	0.293103	0.350575	0.235632
29	0.293103	0.293103	0.293103	0.120690
30	0.235632	0.120690	0.465517	0.178161
31	0.350575	0.235632	0.293103	0.120690
32	0.063218	0.178161	0.408046	0.350575
