pos	G	A	T	C
0	0.250000	0.128049	0.250000	0.371951
1	0.067073	0.310976	0.250000	0.371951
2	0.310976	0.189024	0.432927	0.067073
3	0.310976	0.189024	0.250000	0.250000
4	0.067073	0.250000	0.189024	0.493902
5	0.067073	0.128049	0.493902	0.310976
6	0.310976	0.189024	0.250000	0.250000
7	0.250000	0.432927	0.189024	0.128049
8	0.128049	0.128049	0.310976	0.432927
9	0.250000	0.189024	0.310976	0.250000
10	0.310976	0.189024	0.371951	0.128049
11	0.128049	0.128049	0.615854	0.128049
12	0.189024	0.250000	0.371951	0.189024
13	0.189024	0.310976	0.128049	0.371951
14	0.067073	0.371951	0.310976	0.250000
15	0.189024	0.310976	0.128049	0.371951
16	0.310976	0.128049	0.310976	0.250000
17	0.250000	0.371951	0.250000	0.128049
18	0.310976	0.250000	0.250000	0.189024
19	0.189024	0.371951	0.128049	0.310976
20	0.006098	0.981707	0.006098	0.006098
21	0.006098	0.006098	0.981707	0.006098
22	0.981707	0.006098	0.006098	0.006098
23	0.250000	0.250000	0.189024	0.310976
24	0.128049	0.371951	0.128049	0.371951
25	0.371951	0.250000	0.067073	0.310976
26	0.189024	0.371951	0.067073	0.371951
27	0.250000	0.432927	0.067073	0.250000
28	0.189024	0.371951	0.128049	0.310976
29	0.250000	0.310976	0.310976	0.128049
30	0.067073	0.128049	0.371951	0.432927
31	0.189024	0.189024	0.310976	0.310976
32	0.067073	0.250000	0.432927	0.250000
