pos	G	A	T	C
0	0.221241	0.295602	0.286704	0.196454
1	0.245392	0.273993	0.253019	0.227596
2	0.222512	0.287340	0.289246	0.200903
3	0.207894	0.280348	0.272086	0.239672
4	0.261281	0.272721	0.235859	0.230139
5	0.221876	0.319118	0.266366	0.192640
6	0.219334	0.280984	0.280984	0.218698
7	0.249206	0.299415	0.226325	0.225054
8	0.217427	0.307042	0.261917	0.213614
9	0.207258	0.284797	0.303864	0.204080
10	0.279077	0.261917	0.237130	0.221876
11	0.234588	0.353438	0.231410	0.180564
12	0.206623	0.267001	0.284162	0.242214
13	0.277170	0.264459	0.251748	0.206623
14	0.209800	0.301958	0.257468	0.230774
15	0.217427	0.244121	0.298780	0.239672
16	0.284797	0.283526	0.225690	0.205987
17	0.231410	0.331194	0.253019	0.184378
18	0.228232	0.278442	0.320389	0.172938
19	0.312762	0.266366	0.178658	0.242214
20	0.000064	0.999809	0.000064	0.000064
21	0.000064	0.000064	0.999809	0.000064
22	0.999809	0.000064	0.000064	0.000064
23	0.253655	0.335643	0.204716	0.205987
24	0.193276	0.277170	0.291153	0.238401
25	0.276535	0.272086	0.234588	0.216792
26	0.245392	0.302593	0.252383	0.199631
27	0.226961	0.261917	0.294331	0.216792
28	0.268908	0.277170	0.228232	0.225690
29	0.226961	0.312762	0.254290	0.205987
30	0.220605	0.247934	0.312127	0.219334
31	0.261281	0.292424	0.229503	0.216792
32	0.204716	0.322931	0.261281	0.211072
