pos	G	A	T	C
0	0.236513	0.233927	0.278266	0.251293
1	0.327779	0.202520	0.206954	0.262748
2	0.251663	0.233188	0.301175	0.213974
3	0.226907	0.208062	0.264226	0.300805
4	0.294524	0.214344	0.206215	0.284917
5	0.253510	0.263117	0.262748	0.220625
6	0.241686	0.218039	0.274941	0.265334
7	0.302283	0.246490	0.199564	0.251663
8	0.227646	0.298958	0.260531	0.212866
9	0.254988	0.212127	0.281592	0.251293
10	0.324453	0.226168	0.188110	0.261270
11	0.247229	0.296372	0.256097	0.200303
12	0.250185	0.216561	0.267551	0.265704
13	0.321128	0.216191	0.204367	0.258314
14	0.261270	0.243534	0.279375	0.215822
15	0.246490	0.207693	0.274571	0.271246
16	0.306717	0.222473	0.205845	0.264965
17	0.275310	0.267920	0.249076	0.207693
18	0.247598	0.216930	0.293046	0.242425
19	0.336646	0.221734	0.113472	0.328148
20	0.000037	0.999889	0.000037	0.000037
21	0.000037	0.000037	0.999889	0.000037
22	0.999889	0.000037	0.000037	0.000037
23	0.274941	0.294894	0.229863	0.200303
24	0.216561	0.228385	0.270876	0.284178
25	0.294524	0.219886	0.217300	0.268290
26	0.253141	0.249815	0.283809	0.213235
27	0.264595	0.204367	0.251293	0.279744
28	0.294155	0.228385	0.203998	0.273463
29	0.287873	0.249446	0.266073	0.196608
30	0.254619	0.192174	0.293416	0.259792
31	0.293046	0.232080	0.202889	0.271985
32	0.236883	0.284548	0.259422	0.219147
