pos	G	A	T	C
0	0.220238	0.140873	0.279762	0.359127
1	0.279762	0.279762	0.220238	0.220238
2	0.299603	0.240079	0.299603	0.160714
3	0.299603	0.121032	0.259921	0.319444
4	0.319444	0.140873	0.259921	0.279762
5	0.240079	0.240079	0.378968	0.140873
6	0.299603	0.140873	0.259921	0.299603
7	0.339286	0.240079	0.121032	0.299603
8	0.240079	0.319444	0.240079	0.200397
9	0.279762	0.259921	0.220238	0.240079
10	0.339286	0.101190	0.200397	0.359127
11	0.279762	0.279762	0.240079	0.200397
12	0.160714	0.319444	0.200397	0.319444
13	0.378968	0.240079	0.160714	0.220238
14	0.319444	0.240079	0.299603	0.140873
15	0.200397	0.160714	0.279762	0.359127
16	0.180556	0.180556	0.220238	0.418651
17	0.299603	0.319444	0.200397	0.180556
18	0.299603	0.240079	0.279762	0.180556
19	0.220238	0.200397	0.160714	0.418651
20	0.001984	0.994048	0.001984	0.001984
21	0.001984	0.001984	0.994048	0.001984
22	0.994048	0.001984	0.001984	0.001984
23	0.339286	0.458333	0.140873	0.061508
24	0.259921	0.160714	0.259921	0.319444
25	0.299603	0.180556	0.220238	0.299603
26	0.240079	0.200397	0.339286	0.220238
27	0.378968	0.121032	0.240079	0.259921
28	0.378968	0.140873	0.240079	0.240079
29	0.259921	0.378968	0.279762	0.081349
30	0.259921	0.121032	0.418651	0.200397
31	0.259921	0.240079	0.200397	0.299603
32	0.140873	0.240079	0.319444	0.299603
