pos	G	A	T	C
0	0.071429	0.136364	0.266234	0.525974
1	0.136364	0.525974	0.201299	0.136364
2	0.201299	0.266234	0.331169	0.201299
3	0.201299	0.201299	0.396104	0.201299
4	0.331169	0.071429	0.396104	0.201299
5	0.071429	0.201299	0.396104	0.331169
6	0.396104	0.136364	0.136364	0.331169
7	0.331169	0.266234	0.006494	0.396104
8	0.201299	0.266234	0.201299	0.331169
9	0.331169	0.136364	0.266234	0.266234
10	0.136364	0.136364	0.266234	0.461039
11	0.266234	0.331169	0.266234	0.136364
12	0.201299	0.461039	0.071429	0.266234
13	0.266234	0.396104	0.201299	0.136364
14	0.331169	0.136364	0.396104	0.136364
15	0.071429	0.266234	0.331169	0.331169
16	0.006494	0.071429	0.396104	0.525974
17	0.461039	0.331169	0.201299	0.006494
18	0.396104	0.071429	0.461039	0.071429
19	0.071429	0.006494	0.071429	0.850649
20	0.006494	0.980519	0.006494	0.006494
21	0.006494	0.006494	0.980519	0.006494
22	0.980519	0.006494	0.006494	0.006494
23	0.331169	0.525974	0.136364	0.006494
24	0.331169	0.266234	0.266234	0.136364
25	0.331169	0.266234	0.266234	0.136364
26	0.331169	0.201299	0.201299	0.266234
27	0.331169	0.201299	0.396104	0.071429
28	0.461039	0.071429	0.266234	0.201299
29	0.136364	0.590909	0.266234	0.006494
30	0.331169	0.136364	0.525974	0.006494
31	0.461039	0.136364	0.006494	0.396104
32	0.071429	0.331169	0.266234	0.331169
