pos	G	A	T	C
0	0.168478	0.440217	0.277174	0.114130
1	0.385870	0.277174	0.059783	0.277174
2	0.168478	0.277174	0.168478	0.385870
3	0.168478	0.440217	0.114130	0.277174
4	0.440217	0.168478	0.168478	0.222826
5	0.440217	0.222826	0.222826	0.114130
6	0.277174	0.222826	0.222826	0.277174
7	0.114130	0.168478	0.331522	0.385870
8	0.114130	0.222826	0.222826	0.440217
9	0.331522	0.222826	0.114130	0.331522
10	0.440217	0.059783	0.222826	0.277174
11	0.440217	0.168478	0.222826	0.168478
12	0.222826	0.168478	0.168478	0.440217
13	0.385870	0.168478	0.168478	0.277174
14	0.331522	0.005435	0.385870	0.277174
15	0.277174	0.114130	0.385870	0.222826
16	0.440217	0.222826	0.168478	0.168478
17	0.277174	0.168478	0.440217	0.114130
18	0.277174	0.114130	0.168478	0.440217
19	0.277174	0.168478	0.168478	0.385870
20	0.005435	0.983696	0.005435	0.005435
21	0.005435	0.005435	0.983696	0.005435
22	0.983696	0.005435	0.005435	0.005435
23	0.331522	0.277174	0.277174	0.114130
24	0.114130	0.168478	0.494565	0.222826
25	0.331522	0.222826	0.114130	0.331522
26	0.440217	0.222826	0.222826	0.114130
27	0.385870	0.005435	0.277174	0.331522
28	0.494565	0.005435	0.114130	0.385870
29	0.005435	0.494565	0.277174	0.222826
30	0.385870	0.059783	0.168478	0.385870
31	0.385870	0.222826	0.059783	0.331522
32	0.168478	0.114130	0.331522	0.385870
