pos	G	A	T	C
0	0.245842	0.220893	0.252310	0.280955
1	0.364581	0.183469	0.167298	0.284652
2	0.246766	0.261551	0.266171	0.225513
3	0.237987	0.186703	0.261089	0.314221
4	0.348411	0.171918	0.167298	0.312373
5	0.258316	0.262475	0.259240	0.219969
6	0.244918	0.209804	0.259702	0.285576
7	0.355803	0.179773	0.159444	0.304981
8	0.260164	0.266171	0.255544	0.218120
9	0.256006	0.195943	0.264785	0.283266
10	0.333164	0.186703	0.147893	0.332240
11	0.254158	0.264323	0.263399	0.218120
12	0.258778	0.216734	0.246766	0.277721
13	0.338246	0.189475	0.178849	0.293430
14	0.245842	0.231981	0.296664	0.225513
15	0.250000	0.195481	0.270791	0.283728
16	0.351645	0.175152	0.173766	0.299436
17	0.271715	0.267557	0.256006	0.204722
18	0.255082	0.212576	0.265709	0.266633
19	0.450055	0.149279	0.090140	0.310525
20	0.000046	0.999861	0.000046	0.000046
21	0.000046	0.000046	0.999861	0.000046
22	0.999861	0.000046	0.000046	0.000046
23	0.272177	0.285576	0.212576	0.229671
24	0.226437	0.212114	0.248614	0.312835
25	0.390917	0.183931	0.151127	0.274025
26	0.261551	0.241222	0.266171	0.231057
27	0.236601	0.214424	0.240760	0.308215
28	0.339632	0.192709	0.166836	0.300822
29	0.262937	0.267095	0.262937	0.207032
30	0.243070	0.197792	0.259702	0.299436
31	0.327158	0.175614	0.185779	0.311449
32	0.238911	0.281417	0.251848	0.227823
