pos	G	A	T	C
0	0.332808	0.222397	0.175079	0.269716
1	0.332808	0.238170	0.096215	0.332808
2	0.238170	0.269716	0.206625	0.285489
3	0.206625	0.269716	0.285489	0.238170
4	0.395899	0.238170	0.190852	0.175079
5	0.285489	0.253943	0.175079	0.285489
6	0.332808	0.143533	0.253943	0.269716
7	0.380126	0.159306	0.206625	0.253943
8	0.238170	0.238170	0.238170	0.285489
9	0.348580	0.127760	0.175079	0.348580
10	0.348580	0.159306	0.175079	0.317035
11	0.206625	0.190852	0.332808	0.269716
12	0.222397	0.175079	0.269716	0.332808
13	0.332808	0.190852	0.222397	0.253943
14	0.332808	0.175079	0.317035	0.175079
15	0.238170	0.159306	0.285489	0.317035
16	0.395899	0.222397	0.159306	0.222397
17	0.348580	0.206625	0.253943	0.190852
18	0.206625	0.222397	0.238170	0.332808
19	0.411672	0.190852	0.111987	0.285489
20	0.001577	0.995268	0.001577	0.001577
21	0.001577	0.001577	0.995268	0.001577
22	0.995268	0.001577	0.001577	0.001577
23	0.285489	0.301262	0.159306	0.253943
24	0.190852	0.269716	0.348580	0.190852
25	0.380126	0.143533	0.127760	0.348580
26	0.269716	0.301262	0.175079	0.253943
27	0.285489	0.143533	0.269716	0.301262
28	0.317035	0.096215	0.111987	0.474763
29	0.222397	0.364353	0.238170	0.175079
30	0.317035	0.111987	0.253943	0.317035
31	0.427445	0.190852	0.127760	0.253943
32	0.317035	0.253943	0.222397	0.206625
