pos	G	A	T	C
0	0.183036	0.138393	0.406250	0.272321
1	0.227679	0.183036	0.316964	0.272321
2	0.138393	0.227679	0.406250	0.227679
3	0.138393	0.227679	0.361607	0.272321
4	0.183036	0.272321	0.227679	0.316964
5	0.272321	0.227679	0.316964	0.183036
6	0.272321	0.227679	0.227679	0.272321
7	0.093750	0.316964	0.227679	0.361607
8	0.183036	0.227679	0.406250	0.183036
9	0.227679	0.183036	0.316964	0.272321
10	0.227679	0.316964	0.227679	0.227679
11	0.227679	0.093750	0.406250	0.272321
12	0.138393	0.227679	0.227679	0.406250
13	0.093750	0.316964	0.316964	0.272321
14	0.227679	0.227679	0.272321	0.272321
15	0.316964	0.227679	0.138393	0.316964
16	0.316964	0.316964	0.227679	0.138393
17	0.272321	0.272321	0.316964	0.138393
18	0.183036	0.272321	0.272321	0.272321
19	0.227679	0.272321	0.093750	0.406250
20	0.004464	0.986607	0.004464	0.004464
21	0.004464	0.004464	0.986607	0.004464
22	0.986607	0.004464	0.004464	0.004464
23	0.361607	0.227679	0.183036	0.227679
24	0.227679	0.227679	0.183036	0.361607
25	0.316964	0.272321	0.227679	0.183036
26	0.227679	0.361607	0.272321	0.138393
27	0.183036	0.138393	0.227679	0.450893
28	0.183036	0.227679	0.361607	0.227679
29	0.138393	0.272321	0.361607	0.227679
30	0.093750	0.183036	0.406250	0.316964
31	0.272321	0.272321	0.316964	0.138393
32	0.227679	0.450893	0.183036	0.138393
