pos	G	A	T	C
0	0.236599	0.275450	0.285286	0.202665
1	0.256270	0.281351	0.236599	0.225779
2	0.212009	0.286761	0.275942	0.225288
3	0.225288	0.258729	0.277909	0.238074
4	0.246926	0.277909	0.262664	0.212501
5	0.241025	0.295121	0.266106	0.197748
6	0.220862	0.272499	0.285286	0.221353
7	0.251352	0.301023	0.237091	0.210534
8	0.211026	0.295121	0.272007	0.221845
9	0.216436	0.263155	0.312826	0.207583
10	0.273483	0.269057	0.237091	0.220370
11	0.227255	0.315777	0.260696	0.196272
12	0.228730	0.265614	0.267581	0.238074
13	0.259221	0.272991	0.250861	0.216927
14	0.218403	0.279384	0.279384	0.222829
15	0.221353	0.251352	0.296105	0.231189
16	0.277909	0.259713	0.254303	0.208075
17	0.256762	0.295613	0.256762	0.190863
18	0.231681	0.290204	0.276434	0.201682
19	0.293646	0.266106	0.186437	0.253811
20	0.000049	0.999852	0.000049	0.000049
21	0.000049	0.000049	0.999852	0.000049
22	0.999852	0.000049	0.000049	0.000049
23	0.256762	0.307416	0.234632	0.201190
24	0.195780	0.271516	0.283810	0.248893
25	0.252336	0.267090	0.256270	0.224304
26	0.220370	0.280368	0.282827	0.216436
27	0.218894	0.246435	0.307416	0.227255
28	0.251352	0.283319	0.257254	0.208075
29	0.239550	0.283810	0.286269	0.190371
30	0.218894	0.258729	0.297580	0.224796
31	0.244959	0.260696	0.250369	0.243976
32	0.217911	0.304957	0.248893	0.228238
