pos	G	A	T	C
0	0.207586	0.284703	0.321859	0.185852
1	0.260867	0.300126	0.241938	0.197070
2	0.202678	0.295219	0.291713	0.210390
3	0.201977	0.309941	0.276290	0.211792
4	0.248247	0.305034	0.239835	0.206884
5	0.184450	0.334478	0.276991	0.204080
6	0.201276	0.300126	0.304333	0.194265
7	0.241938	0.305034	0.283301	0.169728
8	0.208287	0.310642	0.269980	0.211091
9	0.194966	0.297322	0.327468	0.180244
10	0.255258	0.291012	0.244742	0.208988
11	0.200575	0.350603	0.266475	0.182347
12	0.178842	0.312745	0.323261	0.185151
13	0.269279	0.263671	0.259464	0.207586
14	0.211792	0.303632	0.285404	0.199173
15	0.187956	0.312745	0.312044	0.187255
16	0.276991	0.298023	0.246845	0.178141
17	0.227215	0.342891	0.243340	0.186554
18	0.225112	0.315550	0.302229	0.157109
19	0.315550	0.266475	0.196368	0.221607
20	0.000070	0.999790	0.000070	0.000070
21	0.000070	0.000070	0.999790	0.000070
22	0.999790	0.000070	0.000070	0.000070
23	0.229319	0.363923	0.225112	0.181646
24	0.180945	0.305034	0.312044	0.201977
25	0.259464	0.292414	0.276290	0.171831
26	0.193564	0.335179	0.274888	0.196368
27	0.188657	0.295219	0.323261	0.192863
28	0.273486	0.277692	0.249649	0.199173
29	0.208287	0.328169	0.275589	0.187956
30	0.203379	0.330272	0.300827	0.165522
31	0.246845	0.301528	0.256660	0.194966
32	0.204080	0.311343	0.260867	0.223710
