pos	G	A	T	C
0	0.105769	0.298077	0.201923	0.394231
1	0.298077	0.201923	0.298077	0.201923
2	0.394231	0.201923	0.201923	0.201923
3	0.394231	0.201923	0.298077	0.105769
4	0.201923	0.586538	0.105769	0.105769
5	0.105769	0.201923	0.105769	0.586538
6	0.105769	0.201923	0.201923	0.490385
7	0.105769	0.586538	0.201923	0.105769
8	0.105769	0.394231	0.298077	0.201923
9	0.201923	0.201923	0.298077	0.298077
10	0.201923	0.298077	0.201923	0.298077
11	0.201923	0.201923	0.298077	0.298077
12	0.201923	0.105769	0.394231	0.298077
13	0.298077	0.298077	0.105769	0.298077
14	0.105769	0.490385	0.298077	0.105769
15	0.105769	0.394231	0.201923	0.298077
16	0.394231	0.394231	0.201923	0.009615
17	0.201923	0.105769	0.490385	0.201923
18	0.298077	0.298077	0.201923	0.201923
19	0.201923	0.394231	0.105769	0.298077
20	0.009615	0.971154	0.009615	0.009615
21	0.009615	0.009615	0.971154	0.009615
22	0.971154	0.009615	0.009615	0.009615
23	0.298077	0.105769	0.394231	0.201923
24	0.105769	0.201923	0.394231	0.298077
25	0.298077	0.298077	0.201923	0.201923
26	0.201923	0.298077	0.298077	0.201923
27	0.298077	0.105769	0.298077	0.298077
28	0.298077	0.490385	0.201923	0.009615
29	0.105769	0.298077	0.394231	0.201923
30	0.105769	0.394231	0.105769	0.394231
31	0.009615	0.201923	0.586538	0.201923
32	0.201923	0.490385	0.201923	0.105769
