pos	G	A	T	C
0	0.167616	0.359207	0.321984	0.151193
1	0.242063	0.297898	0.292424	0.167616
2	0.207029	0.315415	0.293519	0.184038
3	0.171995	0.357018	0.317605	0.153383
4	0.240968	0.319794	0.261769	0.177469
5	0.168710	0.355923	0.302277	0.173090
6	0.163236	0.352638	0.344975	0.139150
7	0.235494	0.319794	0.281476	0.163236
8	0.188417	0.331837	0.268338	0.211408
9	0.171995	0.344975	0.329647	0.153383
10	0.215787	0.325268	0.271623	0.187322
11	0.178564	0.346070	0.312131	0.163236
12	0.178564	0.325268	0.336216	0.159952
13	0.274907	0.293519	0.270528	0.161047
14	0.177469	0.341690	0.276002	0.204839
15	0.167616	0.318699	0.349354	0.164331
16	0.240968	0.327458	0.254106	0.177469
17	0.199365	0.346070	0.279286	0.175279
18	0.159952	0.355923	0.334027	0.150099
19	0.288045	0.323079	0.230020	0.158857
20	0.000109	0.999672	0.000109	0.000109
21	0.000109	0.000109	0.999672	0.000109
22	0.999672	0.000109	0.000109	0.000109
23	0.242063	0.355923	0.215787	0.186227
24	0.133676	0.360302	0.304467	0.201555
25	0.263959	0.304467	0.283665	0.147909
26	0.200460	0.329647	0.284760	0.185132
27	0.168710	0.348259	0.339501	0.143530
28	0.273812	0.271623	0.269433	0.185132
29	0.187322	0.319794	0.295708	0.197175
30	0.150099	0.378914	0.343880	0.127108
31	0.247537	0.312131	0.258485	0.181848
32	0.178564	0.331837	0.280381	0.209218
