pos	G	A	T	C
0	0.148649	0.013514	0.283784	0.554054
1	0.013514	0.554054	0.013514	0.418919
2	0.013514	0.418919	0.418919	0.148649
3	0.013514	0.148649	0.283784	0.554054
4	0.013514	0.418919	0.418919	0.148649
5	0.148649	0.418919	0.283784	0.148649
6	0.148649	0.148649	0.418919	0.283784
7	0.283784	0.283784	0.283784	0.148649
8	0.283784	0.418919	0.148649	0.148649
9	0.013514	0.283784	0.418919	0.283784
10	0.418919	0.148649	0.148649	0.283784
11	0.148649	0.148649	0.689189	0.013514
12	0.283784	0.148649	0.148649	0.418919
13	0.148649	0.418919	0.013514	0.418919
14	0.148649	0.418919	0.418919	0.013514
15	0.283784	0.013514	0.554054	0.148649
16	0.148649	0.283784	0.418919	0.148649
17	0.013514	0.418919	0.418919	0.148649
18	0.148649	0.283784	0.283784	0.283784
19	0.013514	0.148649	0.148649	0.689189
20	0.013514	0.959459	0.013514	0.013514
21	0.013514	0.013514	0.959459	0.013514
22	0.959459	0.013514	0.013514	0.013514
23	0.283784	0.148649	0.283784	0.283784
24	0.013514	0.013514	0.283784	0.689189
25	0.013514	0.148649	0.418919	0.418919
26	0.148649	0.418919	0.283784	0.148649
27	0.418919	0.013514	0.148649	0.418919
28	0.148649	0.013514	0.283784	0.554054
29	0.283784	0.418919	0.013514	0.283784
30	0.013514	0.148649	0.824324	0.013514
31	0.148649	0.148649	0.283784	0.418919
32	0.148649	0.148649	0.418919	0.283784
