pos	G	A	T	C
0	0.216797	0.252478	0.290141	0.240584
1	0.272301	0.273622	0.226047	0.228030
2	0.222083	0.274283	0.296749	0.206885
3	0.224065	0.242566	0.278248	0.255121
4	0.268336	0.271640	0.218779	0.241245
5	0.228030	0.305339	0.267675	0.198956
6	0.211511	0.257764	0.300053	0.230673
7	0.268997	0.250496	0.237941	0.242566
8	0.210189	0.305339	0.259746	0.224726
9	0.207546	0.280891	0.284195	0.227369
10	0.290141	0.250496	0.233316	0.226047
11	0.208207	0.336395	0.249835	0.205564
12	0.230012	0.243227	0.286838	0.239923
13	0.274944	0.264372	0.241245	0.219440
14	0.235298	0.283534	0.274944	0.206224
15	0.194991	0.249174	0.300714	0.255121
16	0.293445	0.246531	0.238602	0.221422
17	0.247192	0.299392	0.263711	0.189705
18	0.235298	0.249835	0.295428	0.219440
19	0.315250	0.247192	0.142130	0.295428
20	0.000066	0.999802	0.000066	0.000066
21	0.000066	0.000066	0.999802	0.000066
22	0.999802	0.000066	0.000066	0.000066
23	0.242566	0.311286	0.239923	0.206224
24	0.216797	0.257764	0.265032	0.260407
25	0.262389	0.268997	0.227369	0.241245
26	0.208867	0.315250	0.295428	0.180455
27	0.233976	0.235298	0.294767	0.235959
28	0.277587	0.260407	0.216797	0.245209
29	0.230673	0.308643	0.254460	0.206224
30	0.216797	0.275605	0.295428	0.212171
31	0.274283	0.271640	0.224065	0.230012
32	0.226708	0.302696	0.262389	0.208207
