pos	G	A	T	C
0	0.306818	0.041667	0.420455	0.231061
1	0.155303	0.382576	0.155303	0.306818
2	0.155303	0.496212	0.268939	0.079545
3	0.193182	0.193182	0.268939	0.344697
4	0.193182	0.344697	0.268939	0.193182
5	0.155303	0.306818	0.344697	0.193182
6	0.268939	0.155303	0.155303	0.420455
7	0.231061	0.344697	0.268939	0.155303
8	0.231061	0.306818	0.268939	0.193182
9	0.155303	0.306818	0.306818	0.231061
10	0.382576	0.193182	0.155303	0.268939
11	0.193182	0.193182	0.534091	0.079545
12	0.344697	0.155303	0.117424	0.382576
13	0.155303	0.306818	0.231061	0.306818
14	0.117424	0.306818	0.344697	0.231061
15	0.268939	0.268939	0.193182	0.268939
16	0.231061	0.268939	0.268939	0.231061
17	0.155303	0.344697	0.231061	0.268939
18	0.117424	0.306818	0.268939	0.306818
19	0.155303	0.344697	0.041667	0.458333
20	0.003788	0.988636	0.003788	0.003788
21	0.003788	0.003788	0.988636	0.003788
22	0.988636	0.003788	0.003788	0.003788
23	0.306818	0.155303	0.306818	0.231061
24	0.079545	0.079545	0.344697	0.496212
25	0.155303	0.155303	0.344697	0.344697
26	0.155303	0.496212	0.155303	0.193182
27	0.268939	0.193182	0.306818	0.231061
28	0.306818	0.079545	0.117424	0.496212
29	0.155303	0.496212	0.231061	0.117424
30	0.306818	0.155303	0.382576	0.155303
31	0.268939	0.117424	0.306818	0.306818
32	0.079545	0.193182	0.420455	0.306818
